# frame_id timestamp features nonzero_probability mapping_dynamic manhattan_immune mean_probability mean_weight
1 1341846313.654184 1008 425 374 235 0.261595 0.738405
2 1341846313.686156 1004 410 342 289 0.245131 0.755017
3 1341846313.721918 1007 314 286 303 0.202493 0.797556
4 1341846313.753994 1004 367 313 345 0.222391 0.777704
5 1341846313.789969 1003 381 336 338 0.238415 0.761784
6 1341846313.822075 1007 374 335 320 0.234250 0.765797
7 1341846313.853928 1006 368 327 339 0.231676 0.768496
8 1341846313.890011 1004 409 371 288 0.262037 0.738094
9 1341846313.922055 1009 446 406 278 0.287546 0.712876
10 1341846313.957927 1003 370 343 298 0.245776 0.754446
11 1341846313.990058 1005 367 342 322 0.242693 0.757455
12 1341846314.022042 1007 425 396 251 0.279502 0.720647
13 1341846314.057816 1003 384 348 311 0.248070 0.752091
14 1341846314.089801 1007 381 345 309 0.242591 0.757409
15 1341846314.122037 1006 368 335 314 0.235830 0.764170
16 1341846314.157989 1009 387 349 326 0.247361 0.753023
17 1341846314.190094 1007 359 329 332 0.231093 0.768907
18 1341846314.225969 1010 363 320 370 0.226696 0.773552
19 1341846314.257923 1005 333 305 381 0.214653 0.785432
20 1341846314.290052 1005 367 336 352 0.236896 0.763154
21 1341846314.325981 1003 359 318 380 0.227189 0.773010
22 1341846314.357905 1011 356 318 361 0.222796 0.777291
23 1341846314.389899 1005 358 326 350 0.229137 0.770863
24 1341846314.427905 1011 363 319 395 0.225853 0.774246
25 1341846314.493987 1006 330 281 395 0.200652 0.799415
26 1341846314.526085 1008 359 304 398 0.216088 0.784159
27 1341846314.558292 1004 344 293 393 0.207492 0.792527
28 1341846314.594085 1009 365 318 372 0.225180 0.774960
29 1341846314.626096 1006 349 306 403 0.219549 0.780907
30 1341846314.658455 1004 364 324 370 0.229084 0.770916
31 1341846314.694004 1005 377 346 343 0.246153 0.753930
32 1341846314.725910 1009 377 333 394 0.238520 0.761873
33 1341846314.761942 1007 385 357 343 0.250475 0.749574
34 1341846314.794030 1000 405 352 341 0.252736 0.747393
35 1341846314.826092 1003 369 336 311 0.237284 0.762716
36 1341846314.862145 1008 384 352 316 0.247502 0.752557
37 1341846314.894072 1004 388 345 324 0.245604 0.754587
38 1341846314.925969 1008 376 342 304 0.241146 0.758974
39 1341846314.961937 1009 378 343 312 0.240769 0.759231
40 1341846314.994564 1008 415 373 326 0.265646 0.734717
41 1341846315.029900 1012 403 353 328 0.250497 0.749690
42 1341846315.061965 1007 362 319 339 0.224549 0.775501
43 1341846315.094388 1004 451 383 284 0.272640 0.727544
44 1341846315.129851 1007 491 418 254 0.296420 0.703675
45 1341846315.161941 1004 503 445 218 0.316125 0.683980
46 1341846315.197984 1003 459 409 270 0.294657 0.705629
47 1341846315.230076 1007 574 541 139 0.379957 0.620266
48 1341846315.262069 1006 584 539 168 0.382640 0.617859
49 1341846315.298000 1008 609 559 150 0.392806 0.607506
50 1341846315.329931 1005 627 573 174 0.405586 0.594629
51 1341846315.361981 1004 624 569 154 0.401116 0.599030
52 1341846315.397962 1004 628 576 134 0.405140 0.594955
53 1341846315.429923 1005 609 545 154 0.384804 0.615196
54 1341846315.466047 1011 555 511 171 0.359274 0.640973
55 1341846315.497883 1003 562 517 187 0.367980 0.632143
56 1341846315.530008 1006 587 541 150 0.379316 0.620733
57 1341846315.566108 1004 604 547 153 0.387845 0.612366
58 1341846315.597986 1010 603 534 179 0.374584 0.625465
59 1341846315.630109 1008 583 516 162 0.362112 0.637940
60 1341846315.666042 1007 565 504 149 0.355086 0.645001
61 1341846315.698114 1008 575 522 168 0.370853 0.629412
62 1341846315.733985 1005 545 506 171 0.357010 0.643118
63 1341846315.766041 1008 552 499 140 0.350558 0.649491
64 1341846315.798188 1006 544 480 157 0.338241 0.661809
65 1341846315.834140 1004 539 474 156 0.336512 0.663575
66 1341846315.866751 1007 514 462 148 0.325311 0.674784
67 1341846315.898492 1009 510 459 139 0.321125 0.678875
68 1341846315.936901 1007 510 437 148 0.311291 0.688857
69 1341846315.966572 1007 450 388 151 0.274234 0.725913
70 1341846316.034204 1009 445 389 137 0.276056 0.724092
71 1341846316.066113 1008 469 388 133 0.277381 0.722718
72 1341846316.101867 1005 417 366 140 0.260061 0.740027
73 1341846316.134066 1005 435 396 124 0.278815 0.721284
74 1341846316.202049 1005 436 377 124 0.270114 0.730033
75 1341846316.233979 1011 450 401 125 0.280920 0.719161
76 1341846316.270052 1007 465 403 150 0.286357 0.713746
77 1341846316.301915 1007 481 430 115 0.302862 0.697223
78 1341846316.334208 1005 487 444 109 0.312846 0.687254
79 1341846316.370006 1004 526 473 110 0.335460 0.664682
80 1341846316.401994 1010 458 407 111 0.286480 0.713618
81 1341846316.438069 1003 446 399 98 0.283235 0.716793
82 1341846316.470076 1005 542 497 122 0.354538 0.645909
83 1341846316.502034 1005 421 386 127 0.274158 0.725872
84 1341846316.537975 1004 457 392 137 0.281576 0.718662
85 1341846316.570121 1012 448 389 128 0.275137 0.724937
86 1341846316.601885 1005 419 357 133 0.254645 0.745405
87 1341846316.638009 1008 430 375 113 0.265420 0.734729
88 1341846316.669925 1006 447 375 91 0.269730 0.730570
89 1341846316.705941 1005 455 367 89 0.265427 0.734737
90 1341846316.738062 1008 446 354 101 0.255307 0.744889
91 1341846316.770433 1004 408 319 89 0.232580 0.767663
92 1341846316.805932 1007 421 312 83 0.225776 0.774273
93 1341846316.838029 1008 427 308 92 0.223691 0.776569
94 1341846316.870034 1007 390 277 105 0.198454 0.801546
95 1341846316.906344 1010 396 276 97 0.201441 0.798708
96 1341846316.937940 1004 402 284 110 0.206903 0.793490
97 1341846316.973994 1008 404 280 95 0.202492 0.797661
98 1341846317.005913 1009 401 270 122 0.199314 0.800933
99 1341846317.037936 1006 401 274 109 0.203306 0.797071
100 1341846317.073972 1009 376 266 111 0.195494 0.804754
101 1341846317.106113 1006 343 242 97 0.178497 0.821745
102 1341846317.137887 1010 323 243 105 0.179290 0.821006
103 1341846317.173970 1004 334 252 92 0.185523 0.814856
104 1341846317.205887 1005 362 276 90 0.200191 0.799953
105 1341846317.248131 1009 354 264 87 0.192104 0.808188
106 1341846317.306289 1006 367 282 96 0.206272 0.794074
107 1341846317.348137 1010 397 303 98 0.220330 0.779976
108 1341846317.410120 1007 375 283 112 0.205741 0.794754
109 1341846317.442569 1010 362 285 95 0.206477 0.793813
110 1341846317.474010 1006 325 257 89 0.188009 0.812412
111 1341846317.509927 1011 338 284 68 0.203354 0.796895
112 1341846317.542282 1005 356 294 77 0.212173 0.788064
113 1341846317.573943 1007 377 292 77 0.209357 0.790868
114 1341846317.610159 1005 342 267 94 0.194043 0.806268
115 1341846317.643553 1007 348 272 85 0.196064 0.804233
116 1341846317.677993 1005 296 227 80 0.165488 0.834654
117 1341846317.709996 1007 335 271 72 0.195017 0.805304
118 1341846317.741834 1006 339 270 74 0.196111 0.804218
119 1341846317.777923 1003 336 266 68 0.191378 0.808852
120 1341846317.810021 1007 310 245 66 0.175036 0.825129
121 1341846317.841886 1007 346 280 54 0.198355 0.801694
122 1341846317.878017 1005 320 260 78 0.185489 0.814516
123 1341846317.909910 1007 342 259 81 0.188311 0.811920
124 1341846317.946031 1011 340 264 90 0.188743 0.811404
125 1341846317.978041 1005 327 261 73 0.188635 0.811603
126 1341846318.009897 1007 343 251 79 0.184542 0.815773
127 1341846318.045949 1008 378 256 82 0.186708 0.813412
128 1341846318.078074 1008 351 256 80 0.187681 0.812572
129 1341846318.109894 1005 355 263 78 0.193042 0.807190
130 1341846318.145957 1003 338 250 85 0.186007 0.814228
131 1341846318.178001 1007 371 273 73 0.196721 0.803319
132 1341846318.214074 1008 363 281 91 0.204633 0.795608
133 1341846318.245970 1006 333 245 108 0.176036 0.824085
134 1341846318.278018 1005 305 218 111 0.160341 0.839872
135 1341846318.313937 1003 229 161 108 0.119741 0.880416
136 1341846318.345989 1007 236 175 120 0.131808 0.868528
137 1341846318.382046 1008 224 172 117 0.128149 0.872033
138 1341846318.414072 1005 229 168 115 0.125390 0.874867
139 1341846318.446035 1008 228 171 127 0.126507 0.874035
140 1341846318.482196 1008 244 186 146 0.136153 0.864120
141 1341846318.514144 1005 219 181 100 0.132035 0.868130
142 1341846318.546259 1008 286 215 139 0.156594 0.843796
143 1341846318.582042 1009 291 225 129 0.160988 0.839053
144 1341846318.614115 1002 307 233 124 0.167084 0.833050
145 1341846318.650038 1008 297 221 118 0.159616 0.840433
146 1341846318.682350 1006 324 240 111 0.173713 0.826435
147 1341846318.714063 1007 288 214 130 0.153880 0.846120
148 1341846318.749905 1003 291 216 122 0.157106 0.843041
149 1341846318.782036 1005 277 221 99 0.160683 0.839466
150 1341846318.814121 1006 289 244 92 0.174670 0.825395
151 1341846318.850072 1003 225 186 105 0.136416 0.863800
152 1341846318.883516 1008 267 243 98 0.172003 0.827997
153 1341846318.918047 1007 236 229 77 0.163299 0.837012
154 1341846318.950044 1007 249 221 85 0.157913 0.842234
155 1341846318.982028 1005 274 234 80 0.168211 0.831987
156 1341846319.018123 1005 277 238 77 0.171269 0.828873
157 1341846319.050745 1007 283 244 69 0.176419 0.823920
158 1341846319.081905 1007 290 254 87 0.181592 0.818699
159 1341846319.117976 1012 260 225 100 0.159784 0.840310
160 1341846319.150093 1003 269 235 72 0.170285 0.829953
161 1341846319.186069 1010 291 252 75 0.177567 0.822629
162 1341846319.218149 1006 266 243 71 0.172035 0.828102
163 1341846319.250034 1005 308 288 66 0.204593 0.795557
164 1341846319.286594 1006 271 260 85 0.182318 0.817759
165 1341846319.318034 1008 288 264 82 0.186353 0.813794
166 1341846319.350268 1001 281 265 84 0.187208 0.812892
167 1341846319.386163 1007 303 291 68 0.203431 0.796616
168 1341846319.418386 1007 261 247 53 0.173871 0.826238
169 1341846319.453961 1005 134 113 55 0.080431 0.919569
170 1341846319.486271 1006 185 168 41 0.120672 0.879733
171 1341846319.554083 1004 145 118 38 0.085955 0.914150
172 1341846319.586296 1008 151 118 52 0.084648 0.915417
173 1341846319.622031 1004 42 8 58 0.009655 0.990432
174 1341846319.653962 1006 48 11 48 0.012213 0.987944
175 1341846319.686352 1006 58 5 59 0.009535 0.990558
176 1341846319.721992 1008 59 10 51 0.014002 0.986236
177 1341846319.754063 1005 49 4 50 0.007489 0.992544
178 1341846319.786397 1007 41 5 71 0.007140 0.992952
179 1341846319.822008 1005 38 4 60 0.006494 0.993556
180 1341846319.853917 1008 40 1 73 0.003940 0.996060
181 1341846319.889942 1007 39 2 65 0.006659 0.993391
182 1341846319.922039 1010 36 2 82 0.004791 0.995308
183 1341846319.953946 1008 39 2 76 0.006524 0.993526
184 1341846319.990054 1006 27 2 73 0.005213 0.994836
185 1341846320.028122 1011 30 1 99 0.002327 0.997673
186 1341846320.090047 1004 47 3 51 0.005527 0.994522
187 1341846320.122011 1010 57 1 70 0.004514 0.995486
188 1341846320.157952 1005 49 3 57 0.005026 0.995027
189 1341846320.190003 1008 40 3 71 0.006372 0.993777
190 1341846320.221941 1008 35 1 80 0.003491 0.996559
191 1341846320.258015 1006 74 41 145 0.030167 0.969833
192 1341846320.289887 1003 91 65 138 0.048443 0.951607
193 1341846320.321954 1008 78 61 122 0.044295 0.955787
194 1341846320.357890 1008 84 72 116 0.051301 0.948724
195 1341846320.390064 1008 84 8 51 0.015686 0.984467
196 1341846320.426544 1004 112 24 57 0.030796 0.969928
197 1341846320.458122 1004 238 147 102 0.112116 0.888276
198 1341846320.490186 1006 119 20 37 0.026665 0.973784
199 1341846320.525911 1006 120 19 50 0.027895 0.972476
200 1341846320.558091 1006 202 117 88 0.092069 0.908330
201 1341846320.594093 1008 225 132 114 0.103184 0.897093
202 1341846320.631955 1006 226 116 84 0.090957 0.909208
203 1341846320.664916 1004 223 111 69 0.086972 0.913276
204 1341846320.699927 1005 256 126 46 0.099749 0.900530
205 1341846320.731822 1006 259 134 36 0.104479 0.895973
206 1341846320.763877 1006 255 162 77 0.126282 0.874180
207 1341846320.799999 1006 249 177 54 0.134618 0.865739
208 1341846320.831871 1008 236 182 59 0.136859 0.863256
209 1341846320.863887 1006 223 182 71 0.134508 0.865730
210 1341846320.900014 1008 286 199 101 0.149163 0.850939
211 1341846320.931889 1004 213 134 90 0.101405 0.898844
212 1341846320.967866 1008 278 175 65 0.136736 0.863695
213 1341846321.000017 1009 285 183 107 0.136165 0.864060
214 1341846321.031860 1006 279 171 75 0.131767 0.868480
215 1341846321.068047 1007 307 174 69 0.131481 0.868739
216 1341846321.099840 1011 322 194 81 0.147489 0.852902
217 1341846321.131821 1006 315 196 67 0.147704 0.852720
218 1341846321.167887 1005 287 171 62 0.126258 0.873742
219 1341846321.200042 1009 299 175 92 0.131640 0.868623
220 1341846321.231950 1005 282 170 82 0.127497 0.872553
221 1341846321.267939 1006 284 153 74 0.115065 0.884984
222 1341846321.299948 1005 297 181 87 0.138312 0.862032
223 1341846321.331858 1003 317 186 106 0.139782 0.860396
224 1341846321.367913 1007 307 176 86 0.132064 0.868155
225 1341846321.399897 1004 334 200 87 0.150762 0.849709
226 1341846321.435994 1006 318 180 87 0.136029 0.864266
227 1341846321.467946 1006 346 170 100 0.128526 0.871637
228 1341846321.499882 1006 332 141 88 0.112137 0.887959
229 1341846321.536109 1006 324 158 90 0.127594 0.872878
230 1341846321.568960 1013 268 122 88 0.097439 0.902929
231 1341846321.603938 1008 278 121 95 0.097605 0.902655
232 1341846321.637163 1006 261 115 85 0.099306 0.901223
233 1341846321.668306 1014 226 101 84 0.082395 0.917923
234 1341846321.704411 1005 230 117 111 0.094061 0.906353
235 1341846321.736861 1008 225 84 124 0.068878 0.931196
236 1341846321.771881 1008 220 66 120 0.057419 0.942774
237 1341846321.804114 1010 188 54 84 0.046667 0.953381
238 1341846321.836152 1008 179 39 92 0.035638 0.964467
239 1341846321.871882 1010 185 43 82 0.042871 0.957460
240 1341846321.904074 1004 186 44 113 0.044509 0.955728
241 1341846321.939847 1007 144 5 71 0.014289 0.985761
242 1341846322.004094 1008 135 4 86 0.011404 0.988646
243 1341846322.066178 1006 144 10 89 0.018248 0.981947
244 1341846322.107979 1007 132 5 106 0.014468 0.985681
245 1341846322.166164 1011 163 11 113 0.020251 0.980137
246 1341846322.202932 1008 146 16 83 0.020523 0.979942
247 1341846322.234093 1010 155 8 94 0.016402 0.983731
248 1341846322.265941 1007 148 10 87 0.016782 0.983386
249 1341846322.301996 1002 140 11 101 0.019498 0.980648
250 1341846322.333949 1007 116 6 95 0.014858 0.985238
251 1341846322.369871 1009 137 21 113 0.030126 0.970358
252 1341846322.402292 1006 131 12 88 0.020832 0.979373
253 1341846322.433955 1009 109 9 71 0.017350 0.982749
254 1341846322.470030 1007 105 16 99 0.023355 0.977042
255 1341846322.502433 1010 111 12 80 0.019680 0.980655
256 1341846322.534002 1008 136 18 115 0.025542 0.974674
257 1341846322.570196 1006 131 12 63 0.016365 0.983863
258 1341846322.601920 1001 128 20 79 0.027381 0.972817
259 1341846322.638119 1010 136 10 50 0.020528 0.979667
260 1341846322.669947 1008 135 21 82 0.029058 0.971178
261 1341846322.702026 1004 142 13 82 0.025570 0.974779
262 1341846322.738006 1008 178 14 51 0.024945 0.975300
263 1341846322.770087 1011 178 23 58 0.029426 0.970840
264 1341846322.806047 1006 173 18 64 0.027928 0.972384
265 1341846322.838063 1007 174 17 71 0.027966 0.972282
266 1341846322.870081 1009 182 17 45 0.027429 0.973021
267 1341846322.906018 1009 178 20 36 0.029204 0.971028
268 1341846322.938349 1008 179 13 57 0.022927 0.977185
269 1341846322.970069 1009 159 12 49 0.018993 0.981344
270 1341846323.011820 1010 181 11 57 0.021279 0.978935
271 1341846323.073951 1010 153 6 52 0.016878 0.983308
272 1341846323.105962 1007 174 12 41 0.021094 0.979037
273 1341846323.138158 1010 178 12 38 0.019835 0.980275
274 1341846323.174092 1005 160 8 44 0.016160 0.984125
275 1341846323.206059 1007 160 7 68 0.014183 0.986032
276 1341846323.238053 1005 152 10 65 0.018093 0.982004
277 1341846323.273997 1002 142 9 57 0.019507 0.980681
278 1341846323.305946 1013 159 13 65 0.022267 0.977986
279 1341846323.342027 1006 165 11 61 0.023029 0.977082
280 1341846323.374048 1010 147 15 85 0.022552 0.977646
281 1341846323.405987 1006 168 12 52 0.020580 0.979591
282 1341846323.441956 1007 194 20 43 0.031989 0.968398
283 1341846323.473878 1009 193 20 61 0.033442 0.967137
284 1341846323.506129 1004 186 13 79 0.026316 0.973951
285 1341846323.541972 1009 185 6 61 0.017092 0.982942
286 1341846323.573913 1009 180 13 43 0.023717 0.976454
287 1341846323.609927 1005 156 16 64 0.026960 0.973333
288 1341846323.642014 1004 188 19 61 0.029822 0.970611
289 1341846323.674081 1006 187 5 51 0.016505 0.983594
290 1341846323.710069 1007 190 16 39 0.025817 0.974499
291 1341846323.742111 1007 149 11 44 0.022089 0.978191
292 1341846323.774928 1012 171 19 50 0.028138 0.972031
293 1341846323.810012 1007 202 16 33 0.027514 0.972915
294 1341846323.842207 1008 183 12 36 0.019945 0.980198
295 1341846323.878019 1009 166 9 29 0.018017 0.982133
296 1341846323.909826 1011 168 16 29 0.024178 0.976102
297 1341846323.942459 1008 179 16 45 0.027895 0.972525
298 1341846323.978055 1007 180 14 34 0.026241 0.974091
299 1341846324.015934 1005 168 14 23 0.024292 0.975981
300 1341846324.047722 1006 151 12 29 0.019895 0.980326
301 1341846324.083904 1011 176 13 22 0.022342 0.978072
302 1341846324.115968 1006 166 9 23 0.018119 0.982163
303 1341846324.151967 1007 161 11 29 0.020804 0.979440
304 1341846324.183941 1008 157 5 17 0.017081 0.983114
305 1341846324.219984 1006 166 11 24 0.021118 0.979187
306 1341846324.251968 1005 126 12 16 0.018105 0.982092
307 1341846324.284052 1010 181 14 28 0.024233 0.976129
308 1341846324.319880 1008 170 15 35 0.025638 0.974628
309 1341846324.351917 1010 191 25 38 0.036437 0.964053
310 1341846324.388001 1011 169 10 33 0.022618 0.977647
311 1341846324.419908 1011 181 10 30 0.023851 0.976351
312 1341846324.452027 1009 190 23 54 0.034710 0.965988
313 1341846324.487928 1005 207 20 74 0.029903 0.970394
314 1341846324.519985 1006 211 15 59 0.027367 0.972822
315 1341846324.556001 1005 200 15 65 0.024303 0.975982
316 1341846324.587888 1008 178 13 56 0.025956 0.974339
317 1341846324.620086 1008 199 22 86 0.034590 0.965924
318 1341846324.655955 1008 169 12 68 0.023535 0.976759
319 1341846324.688082 1011 180 15 93 0.022355 0.977912
320 1341846324.755922 1008 159 6 55 0.017570 0.982528
321 1341846324.814016 1006 151 21 64 0.033041 0.967317
322 1341846324.849979 1003 143 7 88 0.013426 0.986659
323 1341846324.881924 1009 175 26 107 0.038898 0.961612
324 1341846324.913902 1004 161 4 94 0.015948 0.984185
325 1341846324.949999 1008 176 7 90 0.015931 0.984092
326 1341846324.981922 1002 167 17 85 0.026520 0.973811
327 1341846325.018013 1008 155 16 70 0.022339 0.977952
328 1341846325.050079 1006 165 13 126 0.022254 0.978070
329 1341846325.081901 1009 158 15 99 0.025443 0.974849
330 1341846325.118531 1007 151 21 87 0.033312 0.967229
331 1341846325.149933 1006 146 13 90 0.022239 0.978059
332 1341846325.181925 1010 160 7 110 0.017115 0.983130
333 1341846325.218055 1009 144 11 114 0.016694 0.983442
334 1341846325.249811 1006 158 5 111 0.012539 0.987583
335 1341846325.285925 1005 173 16 109 0.020204 0.979946
336 1341846325.317988 1010 166 18 94 0.029312 0.970989
337 1341846325.349844 1007 128 14 90 0.023541 0.976764
338 1341846325.387302 1005 134 12 101 0.021666 0.978627
339 1341846325.417931 1006 141 13 87 0.020207 0.980091
340 1341846325.450747 1007 114 17 107 0.026146 0.974111
341 1341846325.485954 1008 106 23 118 0.025084 0.975217
342 1341846325.517875 1008 161 43 92 0.041998 0.958555
343 1341846325.553859 1008 158 11 91 0.017701 0.982402
344 1341846325.585855 1004 181 26 99 0.030085 0.970012
345 1341846325.617990 1011 170 22 85 0.032400 0.968252
346 1341846325.653982 1010 181 44 88 0.046979 0.953635
347 1341846325.685819 1005 154 38 101 0.040054 0.960336
348 1341846325.717857 1007 147 39 96 0.037383 0.962850
349 1341846325.754083 1008 177 25 80 0.029889 0.970359
350 1341846325.786087 1006 181 31 89 0.036418 0.963969
351 1341846325.821856 1008 158 15 79 0.027616 0.972626
352 1341846325.853827 1010 201 30 84 0.031876 0.968420
353 1341846325.885958 1004 151 6 81 0.016449 0.983727
354 1341846325.921984 1004 176 23 119 0.027218 0.972920
355 1341846325.953899 1004 169 8 96 0.019454 0.980844
356 1341846325.985823 1008 170 29 103 0.034846 0.965636
357 1341846326.021991 1003 155 14 98 0.024464 0.975785
358 1341846326.054055 1005 141 11 94 0.017263 0.982918
359 1341846326.089984 1012 164 38 66 0.039088 0.961317
360 1341846326.121822 1010 150 22 77 0.025886 0.974447
361 1341846326.154079 1005 140 22 84 0.024626 0.975688
362 1341846326.190178 1006 143 16 95 0.017085 0.983149
363 1341846326.222162 1009 135 5 69 0.010947 0.989181
364 1341846326.259181 1011 139 12 107 0.018300 0.981815
365 1341846326.322766 1011 109 15 82 0.020908 0.979365
366 1341846326.359773 1008 101 7 123 0.013011 0.987224
367 1341846326.392109 1010 127 9 104 0.016073 0.984077
368 1341846326.423985 1007 122 16 91 0.021434 0.978763
369 1341846326.459869 1010 100 6 94 0.015289 0.984895
370 1341846326.526163 1009 109 10 77 0.018249 0.982009
371 1341846326.560211 1007 124 10 105 0.017278 0.982983
372 1341846326.591828 1009 108 8 87 0.016400 0.983691
373 1341846326.627027 1006 104 2 85 0.009619 0.990381
374 1341846326.658442 1006 135 62 82 0.048151 0.952026
375 1341846326.694856 1009 156 65 133 0.051212 0.949125
376 1341846326.726206 1010 149 83 92 0.065288 0.934916
377 1341846326.762753 1008 129 71 92 0.052872 0.947178
378 1341846326.826821 1007 183 113 123 0.087541 0.912805
379 1341846326.858887 1006 172 113 102 0.086009 0.914174
380 1341846326.895360 1005 179 109 119 0.083328 0.916722
381 1341846326.926897 1009 272 160 173 0.124491 0.876100
382 1341846326.958888 1008 245 170 140 0.127818 0.872423
383 1341846326.994594 1004 239 181 147 0.130185 0.869964
384 1341846327.026301 1005 236 179 146 0.129504 0.870577
385 1341846327.063945 1005 257 195 131 0.140394 0.859606
386 1341846327.094662 1008 302 213 183 0.158926 0.841442
387 1341846327.128901 1006 282 203 169 0.146543 0.853579
388 1341846327.161940 1007 279 203 155 0.146607 0.853442
389 1341846327.193867 1004 289 226 157 0.161933 0.838117
390 1341846327.229885 1007 283 214 151 0.155694 0.844448
391 1341846327.262014 1008 323 254 187 0.190761 0.809917
392 1341846327.294023 1006 329 271 146 0.195512 0.804638
393 1341846327.330015 1006 280 246 150 0.179100 0.821532
394 1341846327.361939 1009 235 180 145 0.135783 0.864556
395 1341846327.393887 1003 265 175 172 0.130041 0.869994
396 1341846327.429966 1007 252 208 130 0.153092 0.847128
397 1341846327.461965 1008 287 235 169 0.173282 0.827169
398 1341846327.497931 1007 300 243 218 0.179507 0.820988
399 1341846327.530068 1006 274 239 187 0.170987 0.829177
400 1341846327.561895 1006 316 265 235 0.193641 0.806917
401 1341846327.598010 1005 281 231 230 0.165248 0.834752
402 1341846327.629945 1005 307 226 237 0.168943 0.831476
403 1341846327.662003 1007 280 218 211 0.160734 0.839495
404 1341846327.697919 1007 343 249 234 0.189637 0.811151
405 1341846327.730075 1007 277 222 257 0.161527 0.838671
406 1341846327.766017 1003 260 208 252 0.150918 0.849251
407 1341846327.797917 1008 287 204 237 0.155643 0.844868
408 1341846327.830054 1005 216 159 233 0.117217 0.882979
409 1341846327.865944 1008 249 174 246 0.129774 0.870458
410 1341846327.898010 1009 196 131 289 0.098385 0.901689
411 1341846327.929991 1005 207 142 263 0.105049 0.894982
412 1341846327.966065 1007 182 122 259 0.090856 0.909242
413 1341846327.998073 1003 213 118 313 0.096284 0.904038
414 1341846328.034045 1005 166 111 267 0.082386 0.917714
415 1341846328.065993 1007 166 86 268 0.067550 0.932549
416 1341846328.098045 1006 151 66 283 0.052914 0.947232
417 1341846328.133967 1004 173 96 275 0.074683 0.925521
418 1341846328.166023 1008 201 118 269 0.087928 0.912215
419 1341846328.198018 1009 239 173 261 0.126231 0.873975
420 1341846328.234044 1003 298 243 258 0.176545 0.823720
421 1341846328.265899 1006 340 254 337 0.186173 0.814176
422 1341846328.302051 1002 362 320 288 0.228487 0.771629
423 1341846328.333917 1004 352 306 251 0.219226 0.780930
424 1341846328.366008 1005 44 15 60 0.015619 0.984637
425 1341846328.402010 1003 410 374 255 0.277554 0.723864
426 1341846328.433920 1006 344 327 211 0.230348 0.769782
427 1341846328.470003 1006 345 301 201 0.213614 0.786496
428 1341846328.502194 1005 321 251 299 0.184695 0.815670
429 1341846328.534033 1006 238 196 172 0.140761 0.859463
430 1341846328.570125 1006 256 215 137 0.155830 0.844170
431 1341846328.602804 1005 246 191 182 0.142517 0.857714
432 1341846328.672663 1007 162 139 126 0.099907 0.900193
433 1341846328.702975 1001 207 145 85 0.107824 0.892527
434 1341846328.770129 1007 215 170 126 0.124632 0.875564
435 1341846328.802331 1006 274 192 110 0.139551 0.860577
436 1341846328.838051 1006 250 185 130 0.134657 0.865419
437 1341846328.869939 1007 251 182 151 0.131525 0.868475
438 1341846328.904486 1005 227 169 133 0.121700 0.878362
439 1341846328.939814 1006 232 180 117 0.133478 0.866780
440 1341846328.970217 1007 230 180 105 0.129682 0.870375
441 1341846329.006232 1008 227 158 119 0.114468 0.885600
442 1341846329.038243 1007 127 62 93 0.053816 0.946608
443 1341846329.106125 1008 157 67 132 0.059091 0.941573
444 1341846329.138340 1004 128 56 117 0.047586 0.952619
445 1341846329.169991 1005 120 40 127 0.034265 0.965934
446 1341846329.208656 1004 145 53 121 0.044835 0.955310
447 1341846329.238169 1007 118 47 104 0.039427 0.960668
448 1341846329.273827 1008 157 46 122 0.041048 0.959096
449 1341846329.306052 1012 145 42 128 0.037271 0.962926
450 1341846329.338104 1008 131 51 131 0.043898 0.956200
451 1341846329.373907 1008 133 54 116 0.043814 0.956298
452 1341846329.405985 1007 140 50 133 0.042099 0.958194
453 1341846329.442057 1003 142 49 105 0.039430 0.960617
454 1341846329.473950 1006 159 61 126 0.051041 0.949088
455 1341846329.506147 1010 164 64 113 0.052632 0.947516
456 1341846329.542121 1010 162 57 106 0.049996 0.950080
457 1341846329.574086 1005 150 55 105 0.050276 0.949902
458 1341846329.606387 1008 140 52 105 0.045804 0.954467
459 1341846329.641955 1006 143 46 112 0.040447 0.959741
460 1341846329.681570 1006 132 34 118 0.030704 0.969324
461 1341846329.748113 1007 140 33 121 0.031157 0.968936
462 1341846329.810175 1007 151 48 116 0.039712 0.960337
463 1341846329.842255 1008 149 45 110 0.041432 0.958694
464 1341846329.874044 1009 170 54 108 0.046440 0.953792
465 1341846329.910073 1009 175 51 113 0.042021 0.958177
466 1341846329.942009 1010 152 49 120 0.044264 0.955785
467 1341846329.978087 1008 156 39 108 0.036861 0.963320
468 1341846330.016305 1008 172 46 111 0.038654 0.961436
469 1341846330.048192 1012 154 41 119 0.039783 0.960511
470 1341846330.080418 1004 153 39 106 0.038017 0.962203
471 1341846330.115886 1006 154 34 112 0.035684 0.964415
472 1341846330.147839 1006 162 34 123 0.035264 0.965115
473 1341846330.181257 1008 165 46 100 0.048428 0.951984
474 1341846330.215852 1009 140 35 86 0.034116 0.966165
475 1341846330.247833 1005 160 31 109 0.030560 0.969635
476 1341846330.283913 1008 145 24 113 0.031614 0.968634
477 1341846330.316011 1003 138 30 105 0.032602 0.967645
478 1341846330.347868 1007 162 37 121 0.036629 0.963571
479 1341846330.383835 1005 133 5 107 0.011038 0.989016
480 1341846330.415934 1009 142 7 101 0.014010 0.986086
481 1341846330.452561 1006 143 7 109 0.012156 0.987943
482 1341846330.483903 1006 150 3 107 0.012026 0.988091
483 1341846330.515970 1006 157 17 95 0.021304 0.978837
484 1341846330.552099 1008 143 6 108 0.015277 0.984822
485 1341846330.583876 1007 139 3 96 0.008292 0.991708
486 1341846330.619992 1005 130 7 103 0.016762 0.983418
487 1341846330.652136 1008 122 20 94 0.020344 0.979750
488 1341846330.683796 1007 142 18 114 0.020564 0.979486
489 1341846330.719991 1008 136 27 119 0.029249 0.971145
490 1341846330.752103 1009 132 25 117 0.024968 0.975131
491 1341846330.787952 1005 139 35 124 0.033445 0.966700
492 1341846330.819823 1006 158 43 113 0.037267 0.962833
493 1341846330.852208 1006 165 55 123 0.045617 0.954532
494 1341846330.914111 1003 171 77 119 0.064467 0.935813
495 1341846330.949903 1010 180 81 103 0.066106 0.934116
496 1341846330.981986 1006 188 99 109 0.075195 0.924854
497 1341846331.014111 1008 193 110 124 0.081455 0.918656
498 1341846331.082139 1007 192 121 134 0.089705 0.910541
499 1341846331.114334 1009 230 131 191 0.098347 0.901769
500 1341846331.149989 1003 236 133 177 0.097886 0.902186
501 1341846331.181954 1008 256 158 188 0.116941 0.883208
502 1341846331.218151 1007 256 167 173 0.124938 0.875218
503 1341846331.249914 1002 298 212 167 0.154219 0.845881
504 1341846331.318141 1004 238 179 163 0.128636 0.871409
505 1341846331.349926 1007 304 222 153 0.162582 0.837564
506 1341846331.382003 1003 248 195 159 0.145896 0.854327
507 1341846331.418008 1009 225 186 159 0.133251 0.866921
508 1341846331.450327 1006 246 171 162 0.126665 0.873435
509 1341846331.486219 1005 271 186 149 0.136341 0.863669
510 1341846331.518344 1006 294 195 142 0.141655 0.858394
511 1341846331.550202 1009 250 166 147 0.124824 0.875296
512 1341846331.586139 1006 237 141 146 0.110378 0.889792
513 1341846331.617931 1006 235 122 137 0.090614 0.909436
514 1341846331.654027 1006 204 92 120 0.071774 0.928346
515 1341846331.686123 1003 224 106 118 0.083755 0.916478
516 1341846331.717954 1013 230 104 115 0.081416 0.918633
517 1341846331.754076 1007 212 103 140 0.082733 0.917485
518 1341846331.785920 1006 210 101 138 0.077192 0.922957
519 1341846331.818053 1004 233 122 147 0.095583 0.904716
520 1341846331.853849 1007 243 119 141 0.093247 0.906987
521 1341846331.885987 1005 222 110 152 0.085900 0.914248
522 1341846331.922014 1007 219 110 140 0.084967 0.915180
523 1341846331.954037 1006 219 111 126 0.086238 0.913893
524 1341846331.986135 1007 207 119 110 0.093938 0.906450
525 1341846332.022364 1006 169 106 109 0.082183 0.918107
526 1341846332.054175 1007 170 93 111 0.069930 0.930211
527 1341846332.086502 1003 215 112 103 0.087035 0.913122
528 1341846332.122051 1008 215 102 111 0.077261 0.922788
529 1341846332.153983 1008 211 102 104 0.082567 0.917536
530 1341846332.190165 1005 192 90 110 0.074981 0.925405
531 1341846332.254145 1009 198 127 120 0.095293 0.904855
532 1341846332.289948 1007 211 113 154 0.085208 0.914966
533 1341846332.322172 1011 206 109 143 0.082885 0.917386
534 1341846332.354003 1009 192 111 132 0.084885 0.915241
535 1341846332.390180 1005 208 123 186 0.096585 0.903708
536 1341846332.422055 1007 199 102 144 0.080991 0.919334
537 1341846332.458114 1010 226 141 194 0.102720 0.897385
538 1341846332.489993 1008 209 128 195 0.095759 0.904337
539 1341846332.522130 1004 206 129 186 0.096650 0.903496
540 1341846332.558114 1005 208 123 182 0.091702 0.908298
541 1341846332.589874 1007 241 171 163 0.127421 0.872778
542 1341846332.621889 1010 211 155 222 0.114574 0.885593
543 1341846332.658202 1004 216 165 199 0.118957 0.881192
544 1341846332.690001 1009 255 200 158 0.144644 0.855477
545 1341846332.726000 1007 234 182 169 0.130678 0.869372
546 1341846332.758386 1006 285 231 165 0.164596 0.835501
547 1341846332.789937 1009 287 228 211 0.161420 0.838609
548 1341846332.825925 1008 303 261 191 0.186996 0.813177
549 1341846332.857898 1006 312 263 156 0.187900 0.812176
550 1341846332.894069 1005 320 261 160 0.184193 0.815833
551 1341846332.926029 1006 308 262 171 0.185413 0.814636
552 1341846332.958015 1002 285 243 191 0.173184 0.826905
553 1341846332.994073 1005 280 236 174 0.167672 0.832369
554 1341846333.026545 1006 249 212 172 0.150822 0.849228
555 1341846333.057998 1004 251 213 173 0.150767 0.849373
556 1341846333.094024 1007 243 199 164 0.139701 0.860299
557 1341846333.126095 1004 259 210 176 0.150158 0.849883
558 1341846333.161973 1008 230 181 280 0.133886 0.866341
559 1341846333.195660 1007 192 148 235 0.107135 0.892964
560 1341846333.226331 1008 153 110 258 0.080061 0.920038
561 1341846333.262056 1008 184 142 252 0.101970 0.898080
562 1341846333.294147 1008 202 159 202 0.112699 0.887323
563 1341846333.326100 1007 174 129 252 0.093029 0.907021
564 1341846333.362100 1005 158 118 267 0.087066 0.913177
565 1341846333.394119 1006 133 89 254 0.064648 0.935352
566 1341846333.429974 1005 166 114 374 0.086525 0.913759
567 1341846333.462115 1004 171 127 279 0.092900 0.907199
568 1341846333.494040 1006 206 169 324 0.122084 0.878106
569 1341846333.529953 1007 222 186 297 0.131927 0.868170
570 1341846333.562063 1005 228 186 267 0.133576 0.866424
571 1341846333.594090 1002 241 193 245 0.138261 0.861739
572 1341846333.629994 1008 252 211 260 0.149451 0.850621
573 1341846333.662127 1002 259 221 283 0.157821 0.842279
574 1341846333.697964 1005 285 250 257 0.182876 0.817929
575 1341846333.730092 1002 317 286 277 0.202347 0.797703
576 1341846333.762089 1004 309 270 287 0.191511 0.808538
577 1341846333.798006 1003 298 272 251 0.193168 0.806882
578 1341846333.830055 1003 312 264 285 0.188370 0.811686
579 1341846333.866045 1003 289 248 306 0.175879 0.824121
580 1341846333.897987 1003 305 258 293 0.183264 0.816799
581 1341846333.930099 1005 317 280 281 0.198659 0.801490
582 1341846333.965889 1008 301 271 271 0.190745 0.809404
583 1341846333.997985 1003 349 310 242 0.219798 0.780250
584 1341846334.030076 1007 337 310 209 0.217917 0.782083
585 1341846334.066000 1009 269 235 186 0.165646 0.834414
586 1341846334.097932 1007 331 290 196 0.204967 0.795132
587 1341846334.133884 1010 330 294 184 0.206602 0.793448
588 1341846334.166115 1008 279 233 184 0.165539 0.834510
589 1341846334.198072 1002 296 251 197 0.179551 0.820602
590 1341846334.234097 1007 330 280 179 0.198267 0.801781
591 1341846334.266045 1004 303 262 171 0.187451 0.812741
592 1341846334.297946 1006 302 245 193 0.174463 0.825592
593 1341846334.334036 1006 322 277 184 0.196861 0.803223
594 1341846334.365871 1005 332 281 175 0.198727 0.801273
595 1341846334.401845 1008 315 270 168 0.190858 0.809191
596 1341846334.433864 1009 348 287 233 0.203830 0.796399
597 1341846334.466105 1006 350 303 198 0.215938 0.784109
598 1341846334.502142 1007 365 314 196 0.221396 0.778678
599 1341846334.540153 1006 370 331 208 0.232751 0.767299
600 1341846334.602351 1006 403 377 196 0.265241 0.734866
601 1341846334.670161 1008 424 398 198 0.279576 0.720515
602 1341846334.702085 1005 433 389 190 0.275208 0.724923
603 1341846334.734751 1005 431 383 263 0.271109 0.728965
604 1341846334.770889 1004 427 376 235 0.265709 0.734357
605 1341846334.802194 1006 433 383 236 0.268983 0.731066
606 1341846334.833908 1009 422 362 217 0.255603 0.744447
607 1341846334.869874 1004 397 347 237 0.245304 0.754746
608 1341846334.902006 1007 395 353 219 0.248311 0.751708
609 1341846334.938010 1006 374 338 240 0.237756 0.762390
610 1341846334.970032 1005 344 317 171 0.222414 0.777586
611 1341846335.002203 1007 367 321 235 0.228896 0.771190
612 1341846335.037880 1008 357 318 235 0.224685 0.775365
613 1341846335.069990 1009 379 327 188 0.230616 0.769428
614 1341846335.106038 1003 376 302 174 0.213588 0.786462
615 1341846335.138045 1007 360 307 188 0.218655 0.781511
616 1341846335.169900 1009 347 302 187 0.213987 0.786211
617 1341846335.206091 1003 359 301 155 0.216112 0.784076
618 1341846335.239365 1004 331 267 141 0.190904 0.809294
619 1341846335.269948 1007 320 263 158 0.187180 0.812892
620 1341846335.305972 1010 301 238 173 0.171252 0.828820
621 1341846335.338012 1005 292 226 168 0.161321 0.838826
622 1341846335.374005 1004 286 206 173 0.153362 0.847028
623 1341846335.406025 1007 253 189 169 0.136139 0.864010
624 1341846335.438079 1012 219 163 166 0.117500 0.882634
625 1341846335.473998 1007 247 164 167 0.119819 0.880302
626 1341846335.507038 1006 227 131 177 0.100193 0.899997
627 1341846335.538040 1009 225 123 174 0.092843 0.907296
628 1341846335.574119 1002 203 106 171 0.082565 0.917625
629 1341846335.605970 1009 180 96 166 0.074245 0.925998
630 1341846335.641978 1008 203 99 138 0.076405 0.923645
631 1341846335.673993 1008 196 86 160 0.066320 0.933826
632 1341846335.706178 1005 184 73 140 0.055625 0.944482
633 1341846335.741982 1007 202 71 140 0.058111 0.942087
634 1341846335.773960 1007 211 93 139 0.072526 0.927523
635 1341846335.806271 1005 222 93 167 0.073206 0.927002
636 1341846335.842031 1007 216 86 145 0.070172 0.929974
637 1341846335.873966 1009 222 92 177 0.071629 0.928612
638 1341846335.910005 1005 222 76 154 0.060476 0.939673
639 1341846335.941936 1008 186 64 157 0.054488 0.945816
640 1341846335.974198 1008 206 75 139 0.060047 0.940061
641 1341846336.010032 1007 204 59 157 0.048147 0.951944
642 1341846336.042129 1007 295 164 151 0.125634 0.874595
643 1341846336.078076 1006 243 189 120 0.137151 0.862864
644 1341846336.110739 1007 329 181 163 0.135582 0.864615
645 1341846336.142002 1007 320 225 144 0.163120 0.837318
646 1341846336.183953 1008 349 220 159 0.160444 0.839609
647 1341846336.241891 1009 377 264 169 0.191831 0.808267
648 1341846336.277946 1008 401 287 163 0.208742 0.791401
649 1341846336.309977 1007 413 307 175 0.220923 0.779433
650 1341846336.346143 1007 415 304 144 0.221599 0.778699
651 1341846336.377975 1007 433 316 142 0.230504 0.769826
652 1341846336.410032 1006 396 275 156 0.201120 0.799078
653 1341846336.446041 1008 376 250 166 0.182850 0.817298
654 1341846336.477990 1005 350 219 181 0.161718 0.838683
655 1341846336.510056 1007 321 191 215 0.142318 0.857914
656 1341846336.546024 1006 333 206 242 0.149770 0.850379
657 1341846336.578003 1009 282 156 250 0.118905 0.881325
658 1341846336.614020 1007 316 183 222 0.138977 0.861336
659 1341846336.645982 1005 312 179 274 0.131468 0.868689
660 1341846336.678036 1010 335 218 235 0.164359 0.836122
661 1341846336.714024 1003 321 202 230 0.150933 0.849124
662 1341846336.746016 1007 309 213 266 0.157170 0.843107
663 1341846336.778014 1006 324 232 235 0.169461 0.830725
664 1341846336.820006 1012 402 307 173 0.220639 0.779813
665 1341846336.882056 1008 346 250 224 0.180106 0.819988
666 1341846336.914273 1011 362 285 204 0.203882 0.796213
667 1341846336.945998 1005 343 286 202 0.206304 0.793884
668 1341846336.981980 1007 313 259 148 0.187609 0.812895
669 1341846337.014238 1007 409 305 135 0.220941 0.779488
670 1341846337.046017 1005 390 301 159 0.218505 0.781667
671 1341846337.082104 1010 407 301 167 0.215206 0.784943
672 1341846337.114317 1007 452 334 158 0.239289 0.760817
673 1341846337.150037 1009 430 326 155 0.235042 0.765171
674 1341846337.181873 1007 459 337 132 0.240789 0.759312
675 1341846337.214073 1003 463 353 154 0.254926 0.745269
676 1341846337.250087 1010 496 395 171 0.281408 0.718642
677 1341846337.282028 1006 487 396 155 0.283833 0.716333
678 1341846337.317920 1005 491 389 136 0.277227 0.722869
679 1341846337.350018 1007 497 401 134 0.285202 0.714951
680 1341846337.382159 1005 508 410 153 0.292058 0.708164
681 1341846337.417941 1006 500 406 154 0.290128 0.709949
682 1341846337.450137 1004 498 393 143 0.279908 0.720284
683 1341846337.482096 1008 438 400 134 0.283121 0.717114
684 1341846337.518008 1007 472 374 151 0.266909 0.733125
685 1341846337.549978 1002 454 354 189 0.255185 0.745053
686 1341846337.585971 1009 439 347 195 0.248456 0.751704
687 1341846337.617903 1004 478 382 174 0.275383 0.724733
688 1341846337.650141 1006 447 364 179 0.258745 0.741495
689 1341846337.686352 1006 448 352 203 0.251843 0.748363
690 1341846337.718002 1010 469 371 184 0.265529 0.734567
691 1341846337.749920 1004 447 352 196 0.252039 0.748111
692 1341846337.786157 1003 444 361 201 0.260247 0.740098
693 1341846337.817945 1006 453 368 195 0.263777 0.736543
694 1341846337.854071 1010 457 362 205 0.256781 0.743268
695 1341846337.885951 1009 457 371 206 0.264811 0.735497
696 1341846337.918223 1008 424 336 226 0.241246 0.758951
697 1341846337.954120 1006 443 343 210 0.244350 0.755748
698 1341846337.985994 1007 428 334 207 0.239552 0.760547
699 1341846338.018107 1004 430 335 213 0.240133 0.760064
700 1341846338.054055 1005 433 341 210 0.246164 0.754083
701 1341846338.085986 1009 438 356 197 0.255773 0.744413
702 1341846338.121875 1006 454 374 161 0.266995 0.733253
703 1341846338.154089 1002 456 367 185 0.262166 0.738137
704 1341846338.186029 1007 454 358 173 0.253575 0.746511
705 1341846338.222071 1009 442 341 177 0.243263 0.757024
706 1341846338.254107 1008 448 350 162 0.251824 0.748503
707 1341846338.290130 1005 464 360 146 0.257066 0.743102
708 1341846338.321952 1005 439 343 151 0.246642 0.753457
709 1341846338.354022 1005 438 339 157 0.244114 0.755936
710 1341846338.389969 1002 466 372 152 0.265927 0.734169
711 1341846338.422377 1005 456 363 175 0.261512 0.738716
712 1341846338.454010 1004 465 382 167 0.271233 0.728824
713 1341846338.489894 1006 456 363 192 0.259199 0.740900
714 1341846338.522066 1003 473 394 190 0.280427 0.719713
715 1341846338.558058 1005 478 379 173 0.272753 0.727297
716 1341846338.589842 1005 447 366 214 0.259816 0.740263
717 1341846338.622019 1004 479 408 185 0.289781 0.710362
718 1341846338.657984 1009 479 394 199 0.282356 0.717914
719 1341846338.690198 1008 447 359 214 0.259126 0.741140
720 1341846338.722454 1003 482 398 201 0.285387 0.714779
721 1341846338.757945 1004 473 394 194 0.280109 0.720020
722 1341846338.790039 1008 510 440 203 0.313153 0.687229
723 1341846338.826048 1008 524 460 188 0.324451 0.675639
724 1341846338.858027 1006 547 475 205 0.338418 0.661759
725 1341846338.889902 1007 572 513 190 0.362402 0.637674
726 1341846338.925948 1008 573 516 189 0.363849 0.636345
727 1341846338.958108 1005 581 524 195 0.371742 0.628553
728 1341846338.990057 1005 596 539 173 0.380928 0.619162
729 1341846339.025928 1003 548 506 211 0.357726 0.642514
730 1341846339.057939 1007 549 506 217 0.354818 0.645330
731 1341846339.093927 1008 546 496 237 0.348682 0.651467
732 1341846339.126562 1009 522 482 225 0.337801 0.662248
733 1341846339.157969 1011 494 464 269 0.324203 0.675895
734 1341846339.194113 1008 503 461 229 0.324163 0.675966
735 1341846339.228165 1006 467 431 254 0.303700 0.696430
736 1341846339.257998 1008 452 409 286 0.289870 0.710314
737 1341846339.294132 1009 410 383 250 0.268699 0.731394
738 1341846339.326577 1004 432 386 275 0.274205 0.725866
739 1341846339.362269 1008 415 375 267 0.266371 0.734060
740 1341846339.394725 1007 445 398 290 0.282866 0.717282
741 1341846339.462186 1006 417 374 319 0.264888 0.735275
742 1341846339.496743 1006 490 463 297 0.324758 0.675298
743 1341846339.562052 1007 480 439 341 0.309811 0.690457
744 1341846339.595122 1007 523 478 306 0.335054 0.664946
745 1341846339.632085 1004 499 464 338 0.325488 0.674562
746 1341846339.664568 1006 494 464 326 0.325960 0.674040
747 1341846339.698896 1005 482 450 327 0.316224 0.683776
748 1341846339.731977 1007 443 414 330 0.289574 0.710508
749 1341846339.762241 1005 441 408 338 0.285610 0.714390
750 1341846339.797873 1005 403 371 361 0.259790 0.740210
751 1341846339.830245 1008 411 379 347 0.264992 0.735008
752 1341846339.862015 1007 392 352 394 0.246727 0.753422
753 1341846339.897797 1008 362 331 412 0.231714 0.768330
754 1341846339.929916 1007 376 341 380 0.238913 0.761136
755 1341846339.961960 1007 377 341 371 0.239460 0.760558
756 1341846339.997845 1005 345 309 381 0.217766 0.782270
757 1341846340.029925 1010 336 303 378 0.213221 0.786878
758 1341846340.066044 1005 338 297 373 0.209703 0.790319
759 1341846340.098009 1007 345 308 370 0.217189 0.782895
760 1341846340.130102 1002 355 320 367 0.225086 0.774914
761 1341846340.166041 1009 346 314 359 0.220267 0.779767
762 1341846340.197867 1006 325 297 365 0.208092 0.791908
763 1341846340.229904 1004 351 319 345 0.223682 0.776368
764 1341846340.265859 1006 369 335 336 0.235380 0.764667
765 1341846340.298061 1009 316 292 367 0.204138 0.795909
766 1341846340.334063 1009 324 293 376 0.205785 0.794364
767 1341846340.366064 1005 317 298 365 0.208595 0.791405
768 1341846340.397995 1005 385 336 343 0.240917 0.759463
769 1341846340.433895 1009 379 340 333 0.238854 0.761195
770 1341846340.465959 1004 388 344 312 0.243415 0.756634
771 1341846340.501858 1005 400 361 310 0.255949 0.744247
772 1341846340.534329 1011 380 352 313 0.245642 0.754404
773 1341846340.566041 1005 396 353 299 0.249053 0.750947
774 1341846340.601909 1007 344 302 346 0.212684 0.787316
775 1341846340.634005 1006 339 302 338 0.213258 0.786891
776 1341846340.666028 1004 321 289 342 0.203070 0.796980
777 1341846340.701946 1004 319 282 353 0.198018 0.802023
778 1341846340.733954 1004 311 282 336 0.199411 0.800776
779 1341846340.770081 1008 306 281 342 0.196869 0.803230
780 1341846340.801980 1006 323 297 311 0.208017 0.792033
781 1341846340.833999 1006 310 286 333 0.201646 0.798553
782 1341846340.870013 1006 304 284 302 0.199907 0.800093
783 1341846340.901955 1009 317 303 268 0.211915 0.788183
784 1341846340.933918 1007 313 274 299 0.193520 0.806570
785 1341846340.970122 1009 328 296 298 0.207805 0.792294
786 1341846341.001922 1012 315 281 323 0.197305 0.802790
787 1341846341.037923 1006 335 300 325 0.212346 0.787788
788 1341846341.070300 1004 343 308 331 0.216929 0.783071
789 1341846341.102028 1006 314 284 373 0.198865 0.801183
790 1341846341.137982 1004 334 319 357 0.223639 0.776400
791 1341846341.170048 1003 348 314 356 0.220708 0.779292
792 1341846341.202110 1009 348 310 353 0.216990 0.783059
793 1341846341.237996 1006 331 292 364 0.205077 0.794926
794 1341846341.269883 1008 301 262 399 0.185150 0.814916
795 1341846341.306107 1007 299 262 404 0.185912 0.814211
796 1341846341.338109 1007 305 267 388 0.187408 0.812626
797 1341846341.370120 1007 285 244 405 0.172628 0.827555
798 1341846341.406074 1009 286 243 407 0.170383 0.829617
799 1341846341.438113 1012 292 253 385 0.177134 0.822866
800 1341846341.470024 1006 281 242 374 0.170863 0.829186
801 1341846341.506077 1007 265 229 408 0.161589 0.838460
802 1341846341.538156 1005 282 246 391 0.173267 0.826733
803 1341846341.574016 1012 306 271 372 0.189685 0.810315
804 1341846341.612466 1006 291 253 393 0.179398 0.820743
805 1341846341.643972 1007 286 256 414 0.179542 0.820466
806 1341846341.679982 1008 278 250 419 0.175706 0.824388
807 1341846341.712332 1005 246 216 385 0.154132 0.845999
808 1341846341.744185 1007 294 267 388 0.187218 0.812872
809 1341846341.780061 1003 273 238 375 0.168129 0.831871
810 1341846341.842595 1010 291 260 392 0.181991 0.818207
811 1341846341.906227 1006 268 240 378 0.169442 0.830698
812 1341846341.942069 1009 250 210 333 0.148273 0.851727
813 1341846341.974775 1005 268 229 324 0.161802 0.838335
814 1341846342.010161 1006 243 196 351 0.139320 0.860779
815 1341846342.042024 1005 249 211 318 0.150244 0.849823
816 1341846342.080032 1008 243 199 323 0.141447 0.858679
817 1341846342.112265 1008 251 208 323 0.146194 0.853806
818 1341846342.147954 1007 257 212 317 0.150457 0.849628
819 1341846342.179852 1004 242 194 304 0.137928 0.862215
820 1341846342.211848 1006 237 188 309 0.134938 0.865111
821 1341846342.247920 1008 247 196 304 0.138470 0.861532
822 1341846342.279870 1007 256 203 307 0.145186 0.854889
823 1341846342.316068 1010 255 207 296 0.147217 0.852796
824 1341846342.347894 1008 227 198 269 0.141691 0.858507
825 1341846342.379953 1005 246 195 324 0.140074 0.860162
826 1341846342.416195 1006 268 217 302 0.155063 0.845030
